compare_num: 4316
far:0.067736(266/3927), frr:0.128866(50/388), war:0.014260(56/3927), acc:0.9138(372/4315)
