compare_num: 4316
far:0.071338(281/3939), frr:0.140957(53/376), war:0.013201(52/3939), acc:0.9105(386/4315)
