compare_num: 4316
far:0.068842(270/3922), frr:0.150127(59/393), war:0.011984(47/3922), acc:0.9129(376/4315)
