compare_num: 4316
far:0.072972(287/3933), frr:0.170157(65/382), war:0.014493(57/3933), acc:0.9052(409/4315)
