compare_num: 4316
far:0.076904(305/3966), frr:0.143266(50/349), war:0.014372(57/3966), acc:0.9045(412/4315)
