compare_num: 4316
far:0.071719(282/3932), frr:0.159269(61/383), war:0.015005(59/3932), acc:0.9068(402/4315)
