compare_num: 4316
far:0.076534(303/3959), frr:0.154494(55/356), war:0.013640(54/3959), acc:0.9045(412/4315)
