compare_num: 4316
far:0.074281(292/3931), frr:0.187500(72/384), war:0.014246(56/3931), acc:0.9027(420/4315)
