compare_num: 4316
far:0.069625(273/3921), frr:0.159898(63/394), war:0.013772(54/3921), acc:0.9096(390/4315)
