compare_num: 13233
far:0.242640(2283/9409), frr:0.093644(358/3823), war:0.024976(235/9409), acc:0.7826(2876/13232)
