compare_num: 13233
far:0.242615(2275/9377), frr:0.099092(382/3855), war:0.028901(271/9377), acc:0.7787(2928/13232)
