compare_num: 13233
far:0.244517(2308/9439), frr:0.093066(353/3793), war:0.025320(239/9439), acc:0.7808(2900/13232)
