compare_num: 13233
far:0.247040(2337/9460), frr:0.095705(361/3772), war:0.027061(256/9460), acc:0.7768(2954/13232)
