compare_num: 13233
far:0.242222(2281/9417), frr:0.091219(348/3815), war:0.028459(268/9417), acc:0.7811(2897/13232)
