compare_num: 13233
far:0.245289(2317/9446), frr:0.093767(355/3786), war:0.027737(262/9446), acc:0.7783(2934/13232)
