compare_num: 13233
far:0.243490(2291/9409), frr:0.095736(366/3823), war:0.025720(242/9409), acc:0.7809(2899/13232)
