compare_num: 13233
far:0.241783(2273/9401), frr:0.092926(356/3831), war:0.026380(248/9401), acc:0.7826(2877/13232)
