compare_num: 13233
far:0.243335(2291/9415), frr:0.094315(360/3817), war:0.027828(262/9415), acc:0.7799(2913/13232)
