compare_num: 13233
far:0.237978(2222/9337), frr:0.094737(369/3895), war:0.026025(243/9337), acc:0.7858(2834/13232)
