compare_num: 11284
far:0.032078(310/9664), frr:0.578135(936/1619), war:0.055567(537/9664), acc:0.8420(1783/11283)
