compare_num: 11284
far:0.031214(302/9675), frr:0.570274(917/1608), war:0.054574(528/9675), acc:0.8452(1747/11283)
