compare_num: 11284
far:0.028595(275/9617), frr:0.569028(948/1666), war:0.055423(533/9617), acc:0.8444(1756/11283)
