compare_num: 11284
far:0.032081(310/9663), frr:0.578395(937/1620), war:0.054020(522/9663), acc:0.8432(1769/11283)
