compare_num: 11284
far:0.031871(308/9664), frr:0.576899(934/1619), war:0.054946(531/9664), acc:0.8429(1773/11283)
