compare_num: 11284
far:0.030513(295/9668), frr:0.567802(917/1615), war:0.055647(538/9668), acc:0.8449(1750/11283)
