compare_num: 11284
far:0.030334(294/9692), frr:0.560654(892/1591), war:0.055613(539/9692), acc:0.8471(1725/11283)
