compare_num: 11284
far:0.030611(295/9637), frr:0.575942(948/1646), war:0.052298(504/9637), acc:0.8452(1747/11283)
