compare_num: 11284
far:0.031948(309/9672), frr:0.575419(927/1611), war:0.057175(553/9672), acc:0.8414(1789/11283)
