compare_num: 11284
far:0.032435(314/9681), frr:0.576155(923/1602), war:0.055883(541/9681), acc:0.8424(1778/11283)
