compare_num: 4316
far:0.048180(184/3819), frr:0.153226(76/496), war:0.013354(51/3819), acc:0.9279(311/4315)
