compare_num: 4316
far:0.045182(173/3829), frr:0.113169(55/486), war:0.012536(48/3829), acc:0.9360(276/4315)
