compare_num: 4316
far:0.047246(181/3831), frr:0.126033(61/484), war:0.011485(44/3831), acc:0.9337(286/4315)
