compare_num: 4316
far:0.049244(189/3838), frr:0.129979(62/477), war:0.011985(46/3838), acc:0.9312(297/4315)
