compare_num: 4316
far:0.047296(181/3827), frr:0.133197(65/488), war:0.011759(45/3827), acc:0.9326(291/4315)
