compare_num: 4316
far:0.047074(181/3845), frr:0.100000(47/470), war:0.015085(58/3845), acc:0.9337(286/4315)
