compare_num: 4316
far:0.048685(187/3841), frr:0.120253(57/474), war:0.013538(52/3841), acc:0.9314(296/4315)
