compare_num: 4316
far:0.050000(192/3840), frr:0.132632(63/475), war:0.013281(51/3840), acc:0.9291(306/4315)
