compare_num: 4316
far:0.045812(175/3820), frr:0.133333(66/495), war:0.010209(39/3820), acc:0.9351(280/4315)
