compare_num: 4316
far:0.050636(195/3851), frr:0.118534(55/464), war:0.012984(50/3851), acc:0.9305(300/4315)
