compare_num: 11284
far:0.039038(380/9734), frr:0.604261(936/1549), war:0.053729(523/9734), acc:0.8370(1839/11283)
